414001 414010 1
414001 414023 1
414001 414023 1
414001 414031 1
414001 414032 1
414001 414033 1
414001 434008 1
414001 434008 1
414001 434009 1
414001 434009 1
414002 414004 1
414002 414030 1
414002 414030 1
414002 444001 1
414002 444024 1
414002 444024 1
414003 414008 1
414003 414008 1
414003 414023 1
414003 414023 1
414003 444001 1
414003 444001 1
414003 444024 1
414003 444024 1
414004 414005 1
414004 414006 1
414004 414037 1
414005 414007 1
414006 414007 1
414007 414031 1
414007 424001 1
414007 424002 1
414007 424002 1
414007 424003 1
414007 424004 1
414007 424004 1
414007 424004 1
414008 414009 1
414008 414013 1
414008 414014 1
414008 414014 1
414008 414014 1
414008 414019 1
414008 414019 1
414008 414021 1
414008 414029 1
414008 424004 1
414009 414011 1
414009 414011 1
414009 414020 1
414009 414020 1
414010 414031 1
414010 414031 1
414010 414036 1
414010 414036 1
414010 424003 1
414010 424005 1
414011 414012 1
414011 414012 1
414011 414012 1
414011 414012 1
414011 414014 1
414011 414014 1
414011 414027 1
414011 414027 1
414011 424004 1
414011 424004 1
414013 414021 1
414013 414021 1
414013 414029 1
414013 424011 1
414013 424016 1
414014 414015 1
414014 414015 1
414014 414016 1
414014 414016 1
414014 414017 1
414014 414017 1
414014 414018 1
414014 414018 1
414014 414020 1
414014 414020 1
414014 414021 1
414021 424005 1
414021 424005 1
414022 414023 1
414022 414026 1
414023 414026 1
414023 414034 1
414023 414034 1
414023 414035 1
414023 414035 1
414029 414030 1
414029 414030 1
414032 434004 1
414033 434005 1
414037 434010 1
417001 417002 1
417001 417002 1
417001 437001 1
417001 437001 1
417001 447002 1
417001 447002 1
424001 434006 1
424002 424003 1
424002 424003 1
424002 424007 1
424002 424008 1
424002 424010 1
424002 424011 1
424002 424014 1
424002 424014 1
424003 424006 1
424003 424008 1
424003 424011 1
424004 424006 1
424004 424006 1
424004 424010 1
424004 424012 1
424004 424012 1
424005 424006 1
424005 424013 1
424006 424013 1
424008 424009 1
424008 424009 1
424008 424013 1
424008 424013 1
424008 424015 1
424008 424015 1
424009 424010 1
424009 424010 1
424011 424016 1
434003 434004 1
434003 434004 1
434003 434010 1
434003 434010 1
434004 434007 1
434004 434007 1
434004 434013 1
434004 434018 1
434004 434019 1
434004 434019 1
434004 434020 1
434004 434020 1
434005 434007 1
434005 434007 1
434005 434010 1
434005 444006 1
434006 434009 1
434006 434009 1
434006 434016 1
434006 434025 1
434010 444006 1
434010 444006 1
434010 444024 1
434011 434014 1
434011 434019 1
434011 434019 1
434011 434025 1
434012 434014 1
434012 434015 1
434012 434015 1
434012 434016 1
434012 434017 1
434012 434017 1
434012 434019 1
434012 434019 1
434013 434018 1
434013 434020 1
434013 434020 1
434013 434021 1
434013 434021 1
434015 434017 1
434015 434017 1
434017 434023 1
434017 434023 1
434020 454008 1
434020 454008 1
434023 434024 1
434023 434024 1
444001 444018 1
444001 444024 1
444002 444018 1
444002 444018 1
444002 444019 1
444002 444019 1
444002 444022 1
444002 444022 1
444002 444031 1
444002 444031 1
444003 444004 1
444003 444004 1
444003 444006 1
444003 444006 1
444003 444014 1
444003 444014 1
444004 444005 1
444004 444005 1
444004 444010 1
444004 444011 1
444004 444011 1
444004 454005 1
444004 454005 1
444005 444010 1
444005 444017 1
444005 444017 1
444005 444017 1
444005 454002 1
444005 454002 1
444007 444015 1
444007 444015 1
444007 444019 1
444007 444019 1
444007 444024 1
444007 444024 1
444009 444010 1
444009 444012 1
444009 444034 1
444009 444034 1
444010 444012 1
444010 444015 1
444010 444015 1
444010 444028 1
444010 444028 1
444010 444029 1
444011 444020 1
444011 444020 1
444012 444015 1
444012 444015 1
444012 444030 1
444012 444030 1
444013 444014 1
444013 444034 1
444014 444015 1
444014 444016 1
444014 444034 1
444014 464001 1
444015 444016 1
444017 444029 1
444018 444022 1
444018 444022 1
444018 464001 1
444019 444022 1
444019 444022 1
444020 444031 1
444020 444031 1
444021 444023 1
444021 444028 1
444023 444028 1
444032 444034 1
444032 444034 1
454001 454004 1
454001 454004 1
454001 454005 1
454001 454005 1
